R.vdc.nwires = 368
R.vdc.wire.spacing = -0.0042426
R.vdc.tdc.min = 800
R.vdc.tdc.max =4000
R.vdc.tdc.res = 5e-10
R.vdc.ttd.param =
    2.12e-03   0.00e+00   0.00e+00   0.00e+00
   -4.20e-04   1.30e-03   1.06e-04   0.00e+00
    4.00e-09
R.vdc.t0.res = 6e-08
R.vdc.clust.minsize = 3
R.vdc.clust.maxspan = 7
R.vdc.maxgap = 0
R.vdc.tdiff.min = 3e-08
R.vdc.tdiff.max = 2.0e-07
R.vdc.u1.detmap =
     2    7    0   95    0
     2    8    0   95   96
     2    9    0   95  192
     2   10    0   79  288
R.vdc.u1.position = 0  0  0
R.vdc.u1.wire.start = 0.77852
R.vdc.u1.wire.angle = -45
R.vdc.u1.driftvel = 50000
R.vdc.u1.tdc.offsets =
   1725.0  1725.0  1725.0  1725.0  1725.0  1725.0  1725.0  1725.0
   1725.0  1725.0  1725.0  1725.0  1725.0  1725.0  1725.0  1725.0
   1725.0  1725.0  1725.0  1725.0  1725.0  1725.0  1725.0  1725.0
   1725.0  1725.0  1725.0  1725.0  1725.0  1725.0  1725.0  1725.0
   1725.0  1725.0  1725.0  1725.0  1725.0  1725.0  1725.0  1725.0
   1725.0  1725.0  1725.0  1725.0  1725.0  1725.0  1725.0  1725.0
   1725.0  1725.0  1725.0  1725.0  1725.0  1725.0  1725.0  1725.0
   1725.0  1725.0  1725.0  1725.0  1725.0  1725.0  1725.0  1725.0
   1725.0  1725.0  1725.0  1725.0  1725.0  1725.0  1725.0  1725.0
   1725.0  1725.0  1725.0  1725.0  1725.0  1725.0  1725.0  1725.0
   1725.0  1725.0  1725.0  1725.0  1725.0  1725.0  1725.0  1725.0
   1725.0  1725.0  1725.0  1725.0  1725.0  1725.0  1725.0  1725.0
   1725.0  1725.0  1725.0  1725.0  1725.0  1725.0  1725.0  1725.0
   1725.0  1725.0  1725.0  1725.0  1725.0  1725.0  1725.0  1725.0
   1725.0  1725.0  1725.0  1725.0  1725.0  1725.0  1725.0  1725.0
   1725.0  1725.0  1725.0  1725.0  1725.0  1725.0  1725.0  1725.0
   1725.0  1725.0  1725.0  1725.0  1725.0  1725.0  1725.0  1725.0
   1725.0  1725.0  1725.0  1725.0  1725.0  1725.0  1725.0  1725.0
   1725.0  1725.0  1725.0  1725.0  1725.0  1725.0  1725.0  1725.0
   1725.0  1725.0  1725.0  1725.0  1725.0  1725.0  1725.0  1725.0
   1725.0  1725.0  1725.0  1725.0  1725.0  1725.0  1725.0  1725.0
   1725.0  1725.0  1725.0  1725.0  1725.0  1725.0  1725.0  1725.0
   1725.0  1725.0  1725.0  1725.0  1725.0  1725.0  1725.0  1725.0
   1725.0  1725.0  1725.0  1725.0  1725.0  1725.0  1725.0  1725.0
   1725.0  1725.0  1725.0  1725.0  1725.0  1725.0  1725.0  1725.0
   1725.0  1725.0  1725.0  1725.0  1725.0  1725.0  1725.0  1725.0
   1725.0  1725.0  1725.0  1725.0  1725.0  1725.0  1725.0  1725.0
   1725.0  1725.0  1725.0  1725.0  1725.0  1725.0  1725.0  1725.0
   1725.0  1725.0  1725.0  1725.0  1725.0  1725.0  1725.0  1725.0
   1725.0  1725.0  1725.0  1725.0  1725.0  1725.0  1725.0  1725.0
   1725.0  1725.0  1725.0  1725.0  1725.0  1725.0  1725.0  1725.0
   1725.0  1725.0  1725.0  1725.0  1725.0  1725.0  1725.0  1725.0
   1725.0  1725.0  1725.0  1725.0  1725.0  1725.0  1725.0  1725.0
   1725.0  1725.0  1725.0  1725.0  1725.0  1725.0  1725.0  1725.0
   1725.0  1725.0  1725.0  1725.0  1725.0  1725.0  1725.0  1725.0
   1725.0  1725.0  1725.0  1725.0  1725.0  1725.0  1725.0  1725.0
   1725.0  1725.0  1725.0  1725.0  1725.0  1725.0  1725.0  1725.0
   1725.0  1725.0  1725.0  1725.0  1725.0  1725.0  1725.0  1725.0
   1725.0  1725.0  1725.0  1725.0  1725.0  1725.0  1725.0  1725.0
   1725.0  1725.0  1725.0  1725.0  1725.0  1725.0  1725.0  1725.0
   1725.0  1725.0  1725.0  1725.0  1725.0  1725.0  1725.0  1725.0
   1725.0  1725.0  1725.0  1725.0  1725.0  1725.0  1725.0  1725.0
   1725.0  1725.0  1725.0  1725.0  1725.0  1725.0  1725.0  1725.0
   1725.0  1725.0  1725.0  1725.0  1725.0  1725.0  1725.0  1725.0
   1725.0  1725.0  1725.0  1725.0  1725.0  1725.0  1725.0  1725.0
   1725.0  1725.0  1725.0  1725.8  1725.0  1725.0  1725.0  1725.0
R.vdc.v1.detmap =
     6   17    0   95    0
     6   18    0   95   96
     6   19    0   95  192
     6   20    0   79  288
R.vdc.v1.position = 0  0  0.026
R.vdc.v1.wire.start = 0.77852
R.vdc.v1.wire.angle = 45
R.vdc.v1.driftvel = 49710
R.vdc.v1.tdc.offsets =
   1725.0  1725.0  1725.0  1725.5  1725.0  1725.0  1725.0  1725.0
   1725.0  1725.0  1725.0  1725.5  1725.0  1725.0  1725.0  1725.0
   1725.0  1725.0  1725.0  1725.5  1725.0  1725.0  1725.0  1725.0
   1725.0  1725.0  1725.0  1725.5  1725.0  1725.0  1725.0  1725.0
   1725.0  1725.0  1725.0  1725.5  1725.0  1725.0  1725.0  1725.0
   1725.0  1725.0  1725.0  1725.5  1725.0  1725.0  1725.0  1725.0
   1725.0  1725.0  1725.0  1725.7  1725.0  1725.0  1725.0  1725.0
   1725.0  1725.0  1725.0  1725.7  1725.0  1725.0  1725.0  1725.0
   1725.0  1725.0  1725.0  1725.5  1725.0  1725.0  1725.0  1725.0
   1725.0  1725.0  1725.0  1725.5  1725.0  1725.0  1725.0  1725.0
   1725.0  1725.0  1725.0  1725.1  1725.0  1725.0  1725.0  1725.0
   1725.0  1725.0  1725.0  1725.1  1725.0  1725.0  1725.0  1725.0
   1725.0  1725.0  1725.0  1725.4  1725.0  1725.0  1725.0  1725.0
   1725.0  1725.0  1725.0  1725.4  1725.0  1725.0  1725.0  1725.0
   1725.0  1725.0  1725.0  1725.4  1725.0  1725.0  1725.0  1725.0
   1725.0  1725.0  1725.0  1725.4  1725.0  1725.0  1725.0  1725.0
   1725.0  1725.0  1725.0  1725.8  1725.0  1725.0  1725.0  1725.0
   1725.0  1725.0  1725.0  1725.8  1725.0  1725.0  1725.0  1725.0
   1725.0  1725.0  1725.0  1725.1  1725.0  1725.0  1725.0  1725.0
   1725.0  1725.0  1725.0  1725.1  1725.0  1725.0  1725.0  1725.0
   1725.0  1725.0  1725.0  1725.0  1725.0  1725.0  1725.0  1725.0
   1725.0  1725.0  1725.0  1725.0  1725.0  1725.0  1725.0  1725.0
   1725.0  1725.0  1725.0  1725.4  1725.0  1725.0  1725.0  1725.0
   1725.0  1725.0  1725.0  1725.4  1725.0  1725.0  1725.0  1725.0
   1725.0  1725.0  1725.0  1725.2  1725.0  1725.0  1725.0  1725.0
   1725.0  1725.0  1725.0  1725.2  1725.0  1725.0  1725.0  1725.0
   1725.0  1725.0  1725.0  1725.0  1725.0  1725.0  1725.0  1725.0
   1725.0  1725.0  1725.0  1725.0  1725.0  1725.0  1725.0  1725.0
   1725.0  1725.0  1725.0  1725.9  1725.0  1725.0  1725.0  1725.0
   1725.0  1725.0  1725.0  1725.9  1725.0  1725.0  1725.0  1725.0
   1725.0  1725.0  1725.0  1725.6  1725.0  1725.0  1725.0  1725.0
   1725.0  1725.0  1725.0  1725.6  1725.0  1725.0  1725.0  1725.0
   1725.0  1725.0  1725.0  1725.0  1725.0  1725.0  1725.0  1725.0
   1725.0  1725.0  1725.0  1725.0  1725.0  1725.0  1725.0  1725.0
   1725.0  1725.0  1725.0  1725.2  1725.0  1725.0  1725.0  1725.0
   1725.0  1725.0  1725.0  1725.2  1725.0  1725.0  1725.0  1725.0
   1725.0  1725.0  1725.0  1725.4  1725.0  1725.0  1725.0  1725.0
   1725.0  1725.0  1725.0  1725.4  1725.0  1725.0  1725.0  1725.0
   1725.0  1725.0  1725.0  1725.0  1725.0  1725.0  1725.0  1725.0 
   1725.0  1725.0  1725.0  1725.0  1725.0  1725.0  1725.0  1725.0
   1725.0  1725.0  1725.0  1725.0  1725.0  1725.0  1725.0  1725.0
   1725.0  1725.0  1725.0  1725.0  1725.0  1725.0  1725.0  1725.0
   1725.0  1725.0  1725.0  1725.0  1725.0  1725.0  1725.0  1725.0
   1725.0  1725.0  1725.0  1725.0  1725.0  1725.0  1725.0  1725.0
   1725.0  1725.0  1725.0  1725.0  1725.0  1725.0  1725.0  1725.0
   1725.0  1725.0  1725.0  1725.0  1725.0  1725.0  1725.0  1725.0
R.vdc.u2.detmap =
     2    3    0   95    0
     2    4    0   95   96
     2    5    0   95  192
     2    6    0   79  288
R.vdc.u2.position = 0  0  0.3327
R.vdc.u2.wire.start = 1.02793
R.vdc.u2.wire.angle = -45
R.vdc.u2.driftvel = 49530
R.vdc.u2.tdc.offsets =
   1725.0  1725.0  1725.0  1725.0  1725.0  1725.0  1725.0  1725.0
   1725.0  1725.0  1725.0  1725.0  1725.0  1725.0  1725.0  1725.0
   1725.0  1725.0  1725.0  1725.0  1725.0  1725.0  1725.0  1725.0
   1725.0  1725.0  1725.0  1725.0  1725.0  1725.0  1725.0  1725.0
   1725.0  1725.0  1725.0  1725.0  1725.0  1725.0  1725.0  1725.0
   1725.0  1725.0  1725.0  1725.0  1725.0  1725.0  1725.0  1725.0
   1725.0  1725.0  1725.0  1725.0  1725.0  1725.0  1725.0  1725.0
   1725.0  1725.0  1725.0  1725.0  1725.0  1725.0  1725.0  1725.0
   1725.0  1725.0  1725.0  1725.0  1725.0  1725.0  1725.0  1725.0
   1725.0  1725.0  1725.0  1725.0  1725.0  1725.0  1725.0  1725.0
   1725.0  1725.0  1725.0  1725.0  1725.0  1725.0  1725.0  1725.0
   1725.0  1725.0  1725.0  1725.0  1725.0  1725.0  1725.0  1725.0
   1725.0  1725.0  1725.0  1725.0  1725.0  1725.0  1725.0  1725.0
   1725.0  1725.0  1725.0  1725.0  1725.0  1725.0  1725.0  1725.0
   1725.0  1725.0  1725.0  1725.0  1725.0  1725.0  1725.0  1725.0
   1725.0  1725.0  1725.0  1725.0  1725.0  1725.0  1725.0  1725.0
   1725.0  1725.0  1725.0  1725.0  1725.0  1725.0  1725.0  1725.0
   1725.0  1725.0  1725.0  1725.0  1725.0  1725.0  1725.0  1725.0
   1725.0  1725.0  1725.0  1725.0  1725.0  1725.0  1725.0  1725.0
   1725.0  1725.0  1725.0  1725.0  1725.0  1725.0  1725.0  1725.0
   1725.0  1725.0  1725.0  1725.0  1725.0  1725.0  1725.0  1725.0
   1725.0  1725.0  1725.0  1725.0  1725.0  1725.0  1725.0  1725.0
   1725.0  1725.0  1725.0  1725.0  1725.0  1725.0  1725.0  1725.0
   1725.0  1725.0  1725.0  1725.0  1725.0  1725.0  1725.0  1725.0
   1725.0  1725.0  1725.0  1725.0  1725.0  1725.0  1725.0  1725.0
   1725.0  1725.0  1725.0  1725.0  1725.0  1725.0  1725.0  1725.0
   1725.0  1725.0  1725.0  1725.0  1725.0  1725.0  1725.0  1725.0
   1725.0  1725.0  1725.0  1725.0  1725.0  1725.0  1725.0  1725.0
   1725.0  1725.0  1725.0  1725.0  1725.0  1725.0  1725.0  1725.0
   1725.0  1725.0  1725.0  1725.0  1725.0  1725.0  1725.0  1725.0
   1725.0  1725.0  1725.0  1725.0  1725.0  1725.0  1725.0  1725.0
   1725.0  1725.0  1725.0  1725.0  1725.0  1725.0  1725.0  1725.0
   1725.0  1725.0  1725.0  1725.0  1725.0  1725.0  1725.0  1725.0
   1725.0  1725.0  1725.0  1725.0  1725.0  1725.0  1725.0  1725.0
   1725.0  1725.0  1725.0  1725.0  1725.0  1725.0  1725.0  1725.0
   1725.0  1725.0  1725.0  1725.0  1725.0  1725.0  1725.0  1725.0
   1725.0  1725.0  1725.0  1725.0  1725.0  1725.0  1725.0  1725.0
   1725.0  1725.0  1725.0  1725.0  1725.0  1725.0  1725.0  1725.0
   1725.0  1725.0  1725.0  1725.0  1725.0  1725.0  1725.0  1725.0
   1725.0  1725.0  1725.0  1725.0  1725.0  1725.0  1725.0  1725.0
   1725.0  1725.0  1725.0  1725.0  1725.0  1725.0  1725.0  1725.0
   1725.0  1725.0  1725.0  1725.0  1725.0  1725.0  1725.0  1725.0
   1725.0  1725.0  1725.0  1725.0  1725.0  1725.0  1725.0  1725.0
   1725.0  1725.0  1725.0  1725.0  1725.0  1725.0  1725.0  1725.0
   1725.0  1725.0  1725.0  1725.0  1725.0  1725.0  1725.0  1725.0
   1725.0  1725.0  1725.0  1725.0  1725.0  1725.0  1725.0  1725.0
R.vdc.v2.detmap =
     6   24    0   95    0
     6   23    0   95   96
     6   22    0   95  192
     6   21    0   79  288
R.vdc.v2.position = 0  0  0.3587
R.vdc.v2.wire.start = 1.02793
R.vdc.v2.wire.angle = 45
R.vdc.v2.driftvel = 49480
R.vdc.v2.tdc.offsets =
   1725.0  1725.0  1725.0  1725.0  1725.0  1725.0  1725.0  1725.0
   1725.0  1725.0  1725.0  1725.0  1725.0  1725.0  1725.0  1725.0
   1725.0  1725.0  1725.0  1725.0  1725.0  1725.0  1725.0  1725.0
   1725.0  1725.0  1725.0  1725.0  1725.0  1725.0  1725.0  1725.0
   1725.0  1725.0  1725.0  1725.0  1725.0  1725.0  1725.0  1725.0
   1725.0  1725.0  1725.0  1725.0  1725.0  1725.0  1725.0  1725.0
   1725.0  1725.0  1725.0  1725.0  1725.0  1725.0  1725.0  1725.0
   1725.0  1725.0  1725.0  1725.0  1725.0  1725.0  1725.0  1725.0
   1725.0  1725.0  1725.0  1725.0  1725.0  1725.0  1725.0  1725.0
   1725.0  1725.0  1725.0  1725.0  1725.0  1725.0  1725.0  1725.0
   1725.0  1725.0  1725.0  1725.0  1725.0  1725.0  1725.0  1725.0
   1725.0  1725.0  1725.0  1725.0  1725.0  1725.0  1725.0  1725.0
   1725.0  1725.0  1725.0  1725.0  1725.0  1725.0  1725.0  1725.0
   1725.0  1725.0  1725.0  1725.0  1725.0  1725.0  1725.0  1725.0
   1725.0  1725.0  1725.0  1725.0  1725.0  1725.0  1725.0  1725.0
   1725.0  1725.0  1725.0  1725.0  1725.0  1725.0  1725.0  1725.0
   1725.0  1725.0  1725.0  1725.0  1725.0  1725.0  1725.0  1725.0
   1725.0  1725.0  1725.0  1725.0  1725.0  1725.0  1725.0  1725.0
   1725.0  1725.0  1725.0  1725.0  1725.0  1725.0  1725.0  1725.0
   1725.0  1725.0  1725.0  1725.0  1725.0  1725.0  1725.0  1725.0
   1725.0  1725.0  1725.0  1725.0  1725.0  1725.0  1725.0  1725.0
   1725.0  1725.0  1725.0  1725.0  1725.0  1725.0  1725.0  1725.0
   1725.0  1725.0  1725.0  1725.0  1725.0  1725.0  1725.0  1725.0
   1725.0  1725.0  1725.0  1725.0  1725.0  1725.0  1725.0  1725.0
   1725.0  1725.0  1725.0  1725.0  1725.0  1725.0  1725.0  1725.0
   1725.0  1725.0  1725.0  1725.0  1725.0  1725.0  1725.0  1725.0
   1725.0  1725.0  1725.0  1725.0  1725.0  1725.0  1725.0  1725.0
   1725.0  1725.0  1725.0  1725.0  1725.0  1725.0  1725.0  1725.0
   1725.0  1725.0  1725.0  1725.0  1725.0  1725.0  1725.0  1725.0
   1725.0  1725.0  1725.0  1725.0  1725.0  1725.0  1725.0  1725.0
   1725.0  1725.0  1725.0  1725.0  1725.0  1725.0  1725.0  1725.0
   1725.0  1725.0  1725.0  1725.0  1725.0  1725.0  1725.0  1725.0
   1725.0  1725.0  1725.0  1725.0  1725.0  1725.0  1725.0  1725.0
   1725.0  1725.0  1725.0  1725.0  1725.0  1725.0  1725.0  1725.0
   1725.0  1725.0  1725.0  1725.0  1725.0  1725.0  1725.0  1725.0
   1725.0  1725.0  1725.0  1725.0  1725.0  1725.0  1725.0  1725.0
   1725.0  1725.0  1725.0  1725.0  1725.0  1725.0  1725.0  1725.0
   1725.0  1725.0  1725.0  1725.0  1725.0  1725.0  1725.0  1725.0
   1725.0  1725.0  1725.0  1725.0  1725.0  1725.0  1725.0  1725.0
   1725.0  1725.0  1725.0  1725.0  1725.0  1725.0  1725.0  1725.0
   1725.0  1725.0  1725.0  1725.0  1725.0  1725.0  1725.0  1725.0
   1725.0  1725.0  1725.0  1725.0  1725.0  1725.0  1725.0  1725.0
   1725.0  1725.0  1725.0  1725.0  1725.0  1725.0  1725.0  1725.0
   1725.0  1725.0  1725.0  1725.0  1725.0  1725.0  1725.0  1725.0
   1725.0  1725.0  1725.0  1725.0  1725.0  1725.0  1725.0  1725.0
   1725.0  1725.0  1725.0  1725.0  1725.0  1725.0  1725.0  1725.0
R.vdc.matrixelem = 
t 0 0 0 -1.004600e+00 -3.349200e-01 -4.078700e-02
y 0 0 0 -5.157400e-03  2.642400e-04  2.234600e-03
p 0 0 0 -7.435500e-04 -2.130200e-03  1.195000e-03
D 0 0 0  -3.498668E-03 7.792040E-02 -8.966302E-03 -6.276390E-04
D 0 0 1  -1.219882E-02 -7.381985E-03
D 0 0 2  3.223004E-01 1.993801E-01
D 0 1 0  -1.238123E-02 -4.190807E-02
D 0 2 0  5.883151E-02
D 1 0 0  4.709172E-02 3.709977E-01 -3.488108E-03 2.467938E+00
D 1 0 1  1.915813E+00
D 1 0 2  -4.251130E+01
D 1 1 0  6.882894E+00 -9.561016E-01
D 1 1 1  7.861865E+01 -1.368183E+02
D 2 0 0  -1.919431E-01 7.910294E+00 -2.827730E+00
D 3 0 0  -6.591522E+01 1.583680E+02
D 0 4 0  4.822051E+02 2.394911E+03 3.418078E+03
D 2 0 2  -1.204902E+03 -3.737132E+03
D 2 1 1  7.032369E+03 -7.660340E+03 1.649164E+04
D 2 2 0  5.965687E+03
D 0 1 3  1.151235E+03
T 0 0 0  -3.179618E-03 1.505402E-02 1.620896E-02 -5.128692E-02
T 0 0 1  1.696855E-01 -4.024880E-01
T 0 0 2  -1.354818E+01
T 0 1 0  1.057116E-01 -4.086069E-01
T 0 1 1  -2.051863E+01
T 0 2 0  -6.500248E+00
T 1 0 0  -1.938447E+00 5.033259E-01 -4.329037E-01 2.027062E+00
T 1 0 1  -9.569520E-01
T 1 1 0  3.007017E+01
T 1 1 1  5.176577E+02 2.713400E+02
T 2 0 0  -4.015889E+00
P 0 0 0  -2.397377E-04 -1.913035E-03 1.906842E-03 -2.563116E-02
P 0 0 1  3.441003E-01 9.638513E-02 -3.676866E-02 -3.028890E-01
P 0 0 2  5.613915E+00 -3.999591E+00 -6.763074E+00
P 0 1 0  -5.541272E-01 4.179356E-02
P 0 1 1  3.658223E+00 -2.910111E+00 -1.811080E+00
P 0 2 0  -2.372321E+00
P 1 0 0  -2.856034E-02 -2.056833E-02
P 1 0 1  7.494754E+00
P 1 1 1  -1.096964E+02
P 2 0 0  4.202818E+00
Y 0 0 0  7.920116E-05 -4.114117E-05 -3.244510E-04 2.388679E-03
Y 0 0 1  3.921907E-03 7.529939E-03 -2.394950E-02
Y 0 0 2  1.094317E-01
Y 0 1 0  3.787422E-03 -2.032653E-04
Y 0 1 1  9.811778E-02 3.231862E-02
Y 0 2 0  3.101231E-02 6.805374E-02
Y 1 1 0  -5.385825E-02
Y 1 1 1  -4.520157E+00
Y 2 0 0  -1.292973E-01
Y 2 0 1  -2.885220E+00
Y 2 1 0  5.782501E+00
Y 1 0 1  3.088914E-03
L 1 0 0 0 -8.234E+09
L 2 0 0 0 1.034E+09
L 0 1 0 0 -1.025E+11
L 0 2 0 0 3.248E+11
L 0 0 1 0 -1.238E+10 
L 0 0 2 0 -4.672E+10
L 0 0 0 1 1.066E+10 
L 0 0 0 2 2.013E+11
